problem: Call_7_Vehicle_3.txt
Initial Cost is: 3242625.0
Average best cost: 1171579.6
Best objective: 1134176.0
Average time is: 0.41979279518127444
Best improvement is: 65.0229%

Actual Solution: [4, 4, 7, 7, 0, 2, 2, 0, 1, 5, 5, 3, 3, 1, 0, 6, 6]

problem: Call_18_Vehicle_5.txt
Initial Cost is: 8959782.0
Average best cost: 2891786.4
Best objective: 2490066.0
Average time is: 0.7528363704681397
Best improvement is: 72.2084%

Actual Solution: [4, 4, 15, 15, 11, 11, 0, 6, 6, 5, 18, 5, 18, 12, 16, 16, 12, 0, 9, 8, 8, 9, 17, 13, 17, 13, 0, 7, 7, 3, 3, 10, 1, 10, 1, 0, 14, 14, 0, 2, 2]

problem: Call_35_Vehicle_7.txt
Initial Cost is: 18387821.0
Average best cost: 7304226.2
Best objective: 6909470.0
Average time is: 1.2197479248046874
Best improvement is: 62.4237%

Actual Solution: [11, 11, 27, 27, 22, 22, 0, 17, 35, 17, 35, 28, 28, 29, 29, 0, 16, 16, 1, 5, 1, 5, 2, 2, 20, 20, 0, 15, 34, 15, 23, 23, 34, 24, 24, 25, 25, 31, 31, 0, 9, 8, 8, 13, 9, 13, 26, 32, 26, 32, 0, 30, 7, 7, 30, 18, 33, 18, 33, 0, 12, 12, 10, 10, 0, 3, 14, 21, 3, 14, 6, 21, 19, 6, 19, 4, 4]

problem: Call_80_Vehicle_20.txt
Initial Cost is: 46770347.0
Average best cost: 17075460.0
Best objective: 15260160.0
Average time is: 3.254754161834717
Best improvement is: 67.3721%

Actual Solution: [41, 70, 68, 41, 9, 9, 68, 70, 12, 12, 0, 25, 25, 62, 62, 33, 33, 0, 54, 63, 63, 54, 0, 40, 40, 35, 35, 80, 10, 80, 10, 0, 26, 26, 72, 73, 73, 72, 0, 23, 23, 11, 11, 55, 46, 46, 55, 0, 15, 15, 65, 65, 7, 50, 7, 14, 50, 14, 0, 64, 64, 42, 42, 3, 36, 3, 36, 56, 56, 0, 59, 79, 69, 59, 48, 69, 79, 48, 0, 32, 51, 51, 32, 49, 17, 17, 49, 0, 4, 4, 71, 71, 0, 28, 28, 58, 58, 0, 1, 21, 1, 21, 77, 27, 27, 77, 0, 43, 67, 43, 16, 67, 16, 0, 66, 34, 66, 5, 5, 34, 2, 2, 0, 38, 38, 74, 37, 74, 31, 37, 31, 0, 53, 30, 53, 30, 76, 76, 24, 24, 6, 6, 0, 8, 8, 44, 44, 52, 52, 0, 39, 61, 39, 75, 61, 75, 0, 60, 60, 29, 45, 45, 29, 19, 19, 0, 13, 13, 18, 18, 22, 22, 20, 47, 47, 20, 57, 57, 78, 78]

problem: Call_130_Vehicle_40.txt
Initial Cost is: 76627567.0
Average best cost: 28677603.4
Best objective: 26226068.0
Average time is: 5.637798690795899
Best improvement is: 65.7746%

Actual Solution: [32, 32, 99, 99, 26, 26, 0, 27, 44, 27, 44, 125, 125, 0, 121, 121, 54, 54, 0, 3, 3, 80, 80, 45, 82, 45, 82, 91, 91, 0, 96, 96, 107, 107, 110, 110, 0, 124, 73, 73, 124, 70, 7, 70, 12, 7, 12, 0, 34, 34, 9, 17, 9, 17, 20, 20, 0, 129, 129, 61, 89, 61, 79, 79, 89, 0, 84, 114, 114, 84, 0, 113, 113, 65, 127, 65, 127, 14, 14, 0, 106, 102, 106, 102, 0, 88, 88, 101, 53, 101, 53, 0, 66, 66, 48, 48, 64, 64, 0, 115, 115, 112, 112, 0, 55, 55, 122, 94, 122, 94, 0, 69, 95, 40, 95, 69, 40, 0, 36, 46, 46, 77, 77, 36, 0, 15, 50, 15, 111, 111, 50, 0, 5, 5, 97, 97, 0, 104, 104, 0, 49, 29, 29, 49, 18, 18, 128, 128, 0, 93, 63, 93, 63, 0, 72, 11, 11, 72, 0, 16, 16, 59, 68, 28, 28, 68, 59, 0, 2, 2, 13, 13, 0, 86, 86, 62, 62, 83, 83, 0, 130, 109, 130, 109, 10, 30, 10, 30, 0, 42, 42, 119, 119, 116, 116, 71, 71, 0, 74, 23, 74, 25, 23, 25, 24, 24, 0, 117, 117, 57, 57, 0, 41, 31, 41, 51, 31, 51, 0, 126, 126, 0, 87, 87, 52, 35, 35, 52, 0, 38, 38, 118, 118, 0, 8, 8, 47, 56, 56, 47, 0, 108, 108, 81, 39, 81, 39, 0, 92, 37, 92, 76, 76, 37, 0, 100, 100, 78, 78, 0, 67, 22, 22, 67, 43, 43, 0, 19, 90, 90, 19, 0, 1, 1, 4, 4, 6, 6, 21, 21, 33, 33, 58, 58, 60, 60, 75, 75, 85, 85, 98, 98, 103, 103, 105, 105, 120, 120, 123, 123]

problem: Call_300_Vehicle_90.txt
Initial Cost is: 170784643.0
Average best cost: 72887674.1
Best objective: 71001665.0
Average time is: 14.215915966033936
Best improvement is: 58.4262%

Actual Solution: [293, 293, 120, 120, 0, 48, 48, 124, 124, 0, 111, 284, 284, 111, 0, 287, 287, 59, 59, 0, 67, 109, 164, 164, 109, 67, 53, 292, 53, 292, 0, 183, 183, 294, 227, 227, 294, 0, 121, 121, 163, 163, 0, 281, 281, 139, 139, 102, 102, 0, 295, 62, 295, 62, 0, 265, 265, 151, 91, 151, 146, 91, 146, 0, 195, 195, 0, 96, 96, 22, 22, 0, 118, 118, 14, 14, 0, 114, 300, 300, 114, 0, 209, 209, 0, 158, 158, 165, 165, 173, 84, 173, 84, 0, 196, 90, 90, 196, 130, 130, 0, 185, 268, 185, 268, 0, 286, 250, 286, 250, 0, 152, 152, 233, 233, 283, 283, 0, 184, 275, 184, 275, 0, 253, 253, 0, 39, 39, 194, 194, 235, 235, 17, 17, 0, 155, 155, 32, 32, 258, 258, 0, 9, 9, 58, 58, 0, 37, 10, 10, 37, 0, 248, 248, 131, 131, 0, 206, 206, 144, 144, 0, 30, 30, 125, 125, 0, 45, 45, 154, 154, 0, 273, 273, 224, 176, 176, 224, 0, 221, 221, 161, 161, 106, 106, 0, 23, 23, 141, 80, 80, 141, 100, 100, 0, 193, 193, 27, 27, 20, 20, 0, 95, 255, 95, 255, 47, 47, 18, 18, 0, 119, 119, 191, 34, 34, 191, 0, 246, 288, 246, 99, 187, 288, 99, 187, 0, 201, 171, 249, 201, 249, 171, 231, 231, 0, 35, 61, 61, 35, 145, 145, 0, 36, 68, 41, 41, 68, 36, 112, 112, 0, 218, 218, 251, 251, 0, 105, 240, 240, 105, 11, 11, 0, 208, 215, 94, 208, 94, 215, 0, 179, 179, 19, 19, 262, 262, 282, 282, 0, 77, 219, 122, 219, 77, 122, 117, 117, 0, 28, 28, 129, 129, 0, 228, 228, 198, 198, 0, 242, 242, 181, 220, 181, 220, 0, 232, 108, 232, 108, 107, 107, 0, 7, 7, 16, 16, 0, 138, 138, 127, 182, 127, 3, 182, 3, 0, 110, 110, 189, 50, 189, 140, 50, 140, 0, 133, 133, 51, 104, 51, 104, 0, 42, 42, 192, 192, 8, 8, 0, 237, 237, 113, 113, 0, 168, 168, 289, 289, 296, 296, 0, 83, 69, 69, 83, 132, 132, 0, 226, 226, 101, 186, 186, 101, 0, 230, 230, 115, 115, 0, 270, 210, 210, 270, 63, 63, 0, 261, 81, 261, 81, 267, 267, 0, 123, 269, 269, 123, 6, 6, 0, 31, 203, 31, 166, 166, 203, 0, 212, 170, 212, 21, 170, 97, 21, 97, 0, 264, 299, 264, 207, 299, 207, 0, 200, 188, 188, 200, 175, 175, 12, 12, 0, 263, 277, 272, 277, 263, 272, 0, 116, 254, 116, 60, 60, 254, 0, 178, 79, 178, 79, 190, 190, 0, 280, 64, 280, 64, 85, 85, 0, 216, 216, 93, 93, 0, 57, 57, 46, 46, 55, 55, 0, 86, 157, 86, 156, 157, 156, 0, 75, 297, 75, 297, 0, 174, 291, 291, 174, 0, 65, 38, 65, 38, 0, 24, 24, 153, 153, 0, 271, 271, 238, 238, 56, 13, 56, 13, 0, 239, 239, 259, 259, 298, 298, 0, 76, 44, 44, 76, 0, 43, 43, 0, 66, 66, 0, 150, 150, 160, 148, 148, 160, 0, 25, 25, 256, 256, 33, 33, 0, 134, 134, 169, 169, 0, 40, 266, 236, 89, 40, 266, 236, 89, 0, 225, 159, 159, 225, 5, 5, 2, 2, 0, 92, 243, 243, 92, 252, 252, 0, 241, 223, 241, 223, 0, 82, 135, 135, 257, 82, 257, 128, 128, 0, 1, 1, 4, 4, 15, 15, 26, 26, 29, 29, 49, 49, 52, 52, 54, 54, 70, 70, 71, 71, 72, 72, 73, 73, 74, 74, 78, 78, 87, 87, 88, 88, 98, 98, 103, 103, 126, 126, 136, 136, 137, 137, 142, 142, 143, 143, 147, 147, 149, 149, 162, 162, 167, 167, 172, 172, 177, 177, 180, 180, 197, 197, 199, 199, 202, 202, 204, 204, 205, 205, 211, 211, 213, 213, 214, 214, 217, 217, 222, 222, 229, 229, 234, 234, 244, 244, 245, 245, 247, 247, 260, 260, 274, 274, 276, 276, 278, 278, 279, 279, 285, 285, 290, 290]

